Runtime summary
                          comm  parent   sched-in     run-time    min-run     avg-run     max-run  stddev  migrations
                                          (count)       (msec)     (msec)      (msec)      (msec)       %
---------------------------------------------------------------------------------------------------------------------
<no still running tasks>

Terminated tasks:
               cpubound[21248]   21245        884     9982.253      0.042      11.292      12.001    0.37       0
                iobound[21504]   21500       2010    10022.752      0.007       4.986      31.996    0.31       0
             mixedbound[21249]   21247       2012     9993.421      0.003       4.966       5.023    0.17       0
               cpubound[21506]   21503        884     9989.608      0.038      11.300      11.998    0.38       0
             mixedbound[21507]   21505       2025    10001.117      0.006       4.938       5.021    0.21       0
                iobound[21255]   21251       1998     9960.707      0.006       4.985       5.018    0.13       0
               cpubound[21257]   21254        877    10080.536      0.070      11.494     125.996    1.18       0
                iobound[21513]   21510       2007    10017.615      0.006       4.991      21.995    0.21       0
             mixedbound[21258]   21256       2027     9972.726      0.002       4.919       5.018    0.23       0
               cpubound[21514]   21511        881     9990.480      0.045      11.339      11.995    0.35       0
             mixedbound[21516]   21515       2027    10006.984      0.005       4.936       5.024    0.21       0
                iobound[21267]   21264       2003     9965.546      0.005       4.975       5.018    0.15       0
                iobound[21523]   21520       2017    10000.985      0.020       4.958       5.019    0.17       0
             mixedbound[21268]   21266       2013    10069.027      0.006       5.002     109.012    1.05       0
               cpubound[21270]   21269        882     9975.814      0.019      11.310      11.996    0.37       0
             mixedbound[21526]   21524       2017    10001.213      0.003       4.958       5.019    0.18       0
               cpubound[21527]   21525        881    10003.657      0.042      11.354      11.994    0.32       0
                iobound[21276]   21274       2014    10000.819      0.006       4.965       5.018    0.16       0
                iobound[21533]   21531       2014     9999.253      0.050       4.964       5.019    0.16       0
             mixedbound[21278]   21275       2026    10001.033      0.006       4.936       5.026    0.22       0
               cpubound[21279]   21277        885    10003.701      0.042      11.303      12.004    0.38       0
               cpubound[21535]   21532        885    10004.906      0.039      11.304      11.995    0.36       0
             mixedbound[21536]   21534       2017    10009.427      0.004       4.962       5.021    0.17       0
                iobound[21284]   21281       2014    10000.871      0.050       4.965       5.018    0.16       0
               cpubound[21287]   21285        883    10007.689      0.044      11.333      12.005    0.33       0
               cpubound[21543]   21541        890     9998.441      0.042      11.234      11.995    0.42       0
             mixedbound[21288]   21286       2022    10008.525      0.005       4.949       5.023    0.19       0
                iobound[21545]   21542       2015    10004.922      0.005       4.965       5.022    0.17       0
             mixedbound[21546]   21544       2019    10005.652      0.003       4.955       5.018    0.18       0
                iobound[21295]   21291       2018     9998.050      0.050       4.954       5.020    0.18       0
               cpubound[21297]   21294        886    10005.515      0.044      11.292      12.001    0.39       0
             mixedbound[21298]   21296       2025    10010.505      0.004       4.943       5.020    0.21       0
             mixedbound[21305]   21303       2015     9998.090      0.008       4.961       5.018    0.17       0
               cpubound[21307]   21304        889    10005.728      0.008      11.255      12.005    0.44       0
                iobound[21308]   21306       2026    10011.027      0.003       4.941       5.019    0.22       0
               cpubound[21316]   21313        884    10003.636      0.042      11.316      16.993    0.38       0
                iobound[21318]   21315       2023     9999.458      0.006       4.942       5.028    0.20       0
             mixedbound[21319]   21317       2017    10005.547      0.004       4.960       5.018    0.17       0
               cpubound[21326]   21324        884     9997.519      0.043      11.309      11.994    0.36       0
                iobound[21327]   21325       2025    10006.672      0.006       4.941       5.018    0.20       0
             mixedbound[21329]   21328       2016    10005.814      0.003       4.963       5.020    0.18       0
               cpubound[21339]   21336        881    10000.339      0.097      11.351      11.995    0.33       0
                iobound[21341]   21338       2026    10004.022      0.005       4.937       5.019    0.20       0
             mixedbound[21342]   21340       2010    10005.496      0.003       4.977       5.018    0.14       0
               cpubound[21350]   21347        888    10002.795      0.005      11.264      12.003    0.41       0
                iobound[21352]   21349       2026    10002.100      0.006       4.936       5.018    0.22       0
             mixedbound[21353]   21351       2015    10005.280      0.003       4.965       5.019    0.16       0
                iobound[21361]   21359       2013     9998.484      0.051       4.966       5.016    0.15       0
             mixedbound[21363]   21360       2017    10000.770      0.004       4.958       5.018    0.18       0
               cpubound[21364]   21362        889    10006.328      0.003      11.255      12.000    0.42       0
                iobound[21373]   21369       2009     9998.106      0.050       4.976       5.022    0.13       0
               cpubound[21375]   21372        886    10006.182      0.044      11.293      12.005    0.39       0
             mixedbound[21376]   21374       2025    10009.877      0.003       4.943       5.025    0.20       0
               cpubound[21384]   21381        886    10001.869      0.005      11.288      11.997    0.40       0
             mixedbound[21386]   21383       2020    10007.262      0.004       4.954      10.004    0.20       0
                iobound[21387]   21385       2017    10000.608      0.020       4.958       5.018    0.17       0
                iobound[21392]   21389       2012    10072.203      0.051       5.006     109.004    1.05       0
             mixedbound[21395]   21393       2006     9958.012      0.005       4.964       5.019    0.18       0
               cpubound[21396]   21394        885     9971.591      0.003      11.267      12.000    0.39       0
                iobound[21403]   21400       2001     9970.486      0.004       4.982       5.021    0.12       0
             mixedbound[21406]   21404       2019     9997.143      0.003       4.951      30.996    0.34       0
               cpubound[21407]   21405        881    10037.791      0.042      11.393      66.997    0.65       0
                iobound[21152]   21149        760     3792.453      0.000       4.990       5.025    0.19       0
             mixedbound[21155]   21153        771     3802.281      0.994       4.931       5.042    0.32       0
               cpubound[21156]   21154        335     3796.806      0.004      11.333      11.993    0.56       0
                iobound[21413]   21411       2007     9980.434      0.005       4.972       5.018    0.15       0
             mixedbound[21415]   21412       2015    10041.566      0.006       4.983      68.999    0.67       0
               cpubound[21416]   21414        887     9983.415      0.003      11.255      11.996    0.41       0
               cpubound[21424]   21421        887    10006.895      0.003      11.281      11.994    0.40       0
             mixedbound[21426]   21423       2021    10000.987      0.005       4.948       5.028    0.21       0
                iobound[21427]   21425       2011    10002.918      0.172       4.974       5.019    0.13       0
                iobound[21433]   21429       2008    10000.693      0.004       4.980       5.018    0.13       0
               cpubound[21435]   21432        884    10003.369      0.045      11.316      11.994    0.33       0
             mixedbound[21436]   21434       2026    10009.252      0.003       4.940       5.021    0.20       0
                iobound[21443]   21441       2018    10000.429      0.004       4.955       5.020    0.18       0
               cpubound[21445]   21442        883     9999.100      0.044      11.324      11.997    0.35       0
             mixedbound[21447]   21446       2021    10015.366      0.003       4.955       5.023    0.18       0
                iobound[21458]   21455       2012    10000.710      0.004       4.970       5.025    0.16       0
             mixedbound[21461]   21459       2021    10000.930      0.004       4.948       5.026    0.21       0
               cpubound[21462]   21460        887    10003.884      0.041      11.278      11.998    0.39       0
                iobound[21472]   21469       2006     9982.758      0.051       4.976       5.021    0.14       0
               cpubound[21475]   21473        885    10003.648      0.044      11.303      20.993    0.36       0
             mixedbound[21476]   21474       2024    10030.715      0.003       4.955      30.998    0.33       0
             mixedbound[21484]   21482       2010    10001.089      0.005       4.975       5.018    0.14       0
               cpubound[21486]   21483        881     9997.960      0.277      11.348      11.997    0.31       0
                iobound[21487]   21485       2022    10015.691      0.003       4.953       5.020    0.18       0
               cpubound[21495]   21492        886     9977.707      0.043      11.261      11.998    0.43       0
                iobound[21497]   21494       2013     9978.965      0.002       4.957       5.022    0.19       0
             mixedbound[21498]   21496       2017    10052.447      0.003       4.983      72.000    0.69       0
                iobound[21246]   21243       2020    10039.948      0.050       4.970      53.994    0.53       0
